PALMRobo Elements
Version:	V 4.9.1.0
Date, Time :	12.09.2025	10:18:07

MICROMETER
Elements :

Type	Color	Thickness	No	Laser function	CutShot	Area	Z	Well	Objective	Comment	Coordinates	

Circle	red	2	1	RoboLPC	1,1	50141	8161	1A	5x - Fluar 5x/0.25 M27	red	
.	138002.0,30869.4	138256.2,31122.1
.	138129.1,31122.1	138139.0,31121.1	138151.1,31120.1	138172.6,31114.5	138192.6,31105.1
.	138210.8,31092.6	138226.5,31076.9	138239.1,31058.9	138248.6,31039.0	138254.2,31017.6
.	138256.2,30995.8	138254.2,30974.0	138248.6,30952.6	138239.1,30932.7	138226.5,30914.7
.	138210.8,30899.0	138192.6,30886.5	138172.6,30877.1	138151.1,30871.5	138129.1,30869.4
.	138107.1,30871.5	138085.7,30877.1	138065.6,30886.5	138047.5,30899.0	138031.8,30914.7
.	138019.1,30932.7	138009.7,30952.6	138004.0,30974.0	138002.0,30995.8	138004.0,31017.6
.	138009.7,31039.0	138019.1,31058.9	138031.8,31076.9	138047.5,31092.6	138065.6,31105.1
.	138085.7,31114.5	138107.1,31120.1	138119.1,31121.1	138129.1,31122.1	

Circle	red	2	2	RoboLPC	1,1	50141	8161	1B	5x - Fluar 5x/0.25 M27	red	
.	137423.4,30539.8	137677.6,30792.5
.	137550.5,30792.5	137560.4,30791.5	137572.5,30790.5	137594.0,30784.9	137614.0,30775.5
.	137632.2,30763.0	137647.9,30747.3	137660.5,30729.3	137670.0,30709.4	137675.6,30688.0
.	137677.6,30666.2	137675.6,30644.4	137670.0,30623.0	137660.5,30603.1	137647.9,30585.1
.	137632.2,30569.4	137614.0,30556.9	137594.0,30547.5	137572.5,30541.9	137550.5,30539.8
.	137528.5,30541.9	137507.1,30547.5	137487.0,30556.9	137468.9,30569.4	137453.2,30585.1
.	137440.5,30603.1	137431.1,30623.0	137425.4,30644.4	137423.4,30666.2	137425.4,30688.0
.	137431.1,30709.4	137440.5,30729.3	137453.2,30747.3	137468.9,30763.0	137487.0,30775.5
.	137507.1,30784.9	137528.5,30790.5	137540.5,30791.5	137550.5,30792.5	

Circle	red	2	3	RoboLPC	1,1	50141	8161	1C	5x - Fluar 5x/0.25 M27	red	
.	137687.6,30575.0	137941.8,30827.7
.	137814.7,30827.7	137824.6,30826.7	137836.7,30825.7	137858.2,30820.1	137878.2,30810.7
.	137896.4,30798.2	137912.1,30782.5	137924.7,30764.5	137934.2,30744.6	137939.8,30723.2
.	137941.8,30701.4	137939.8,30679.6	137934.2,30658.2	137924.7,30638.3	137912.1,30620.3
.	137896.4,30604.6	137878.2,30592.1	137858.2,30582.7	137836.7,30577.1	137814.7,30575.0
.	137792.7,30577.1	137771.3,30582.7	137751.2,30592.1	137733.1,30604.6	137717.4,30620.3
.	137704.7,30638.3	137695.3,30658.2	137689.6,30679.6	137687.6,30701.4	137689.6,30723.2
.	137695.3,30744.6	137704.7,30764.5	137717.4,30782.5	137733.1,30798.2	137751.2,30810.7
.	137771.3,30820.1	137792.7,30825.7	137804.7,30826.7	137814.7,30827.7	

Circle	red	2	4	RoboLPC	1,1	50141	8161	1D	5x - Fluar 5x/0.25 M27	red	
.	137998.7,30452.9	138252.9,30705.6
.	138125.8,30705.6	138135.7,30704.6	138147.8,30703.6	138169.3,30698.0	138189.3,30688.6
.	138207.5,30676.1	138223.2,30660.4	138235.8,30642.4	138245.3,30622.5	138250.9,30601.1
.	138252.9,30579.3	138250.9,30557.5	138245.3,30536.1	138235.8,30516.2	138223.2,30498.2
.	138207.5,30482.5	138189.3,30470.0	138169.3,30460.6	138147.8,30455.0	138125.8,30452.9
.	138103.8,30455.0	138082.4,30460.6	138062.3,30470.0	138044.2,30482.5	138028.5,30498.2
.	138015.8,30516.2	138006.4,30536.1	138000.7,30557.5	137998.7,30579.3	138000.7,30601.1
.	138006.4,30622.5	138015.8,30642.4	138028.5,30660.4	138044.2,30676.1	138062.3,30688.6
.	138082.4,30698.0	138103.8,30703.6	138115.8,30704.6	138125.8,30705.6	

Circle	red	2	5	RoboLPC	1,1	50141	8161	1E	5x - Fluar 5x/0.25 M27	red	
.	138216.1,33791.4	138470.3,34044.1
.	138343.2,34044.1	138353.1,34043.1	138365.2,34042.1	138386.7,34036.5	138406.7,34027.1
.	138424.9,34014.6	138440.6,33998.9	138453.2,33980.9	138462.7,33961.0	138468.3,33939.6
.	138470.3,33917.8	138468.3,33896.0	138462.7,33874.6	138453.2,33854.7	138440.6,33836.7
.	138424.9,33821.0	138406.7,33808.5	138386.7,33799.1	138365.2,33793.5	138343.2,33791.4
.	138321.2,33793.5	138299.8,33799.1	138279.7,33808.5	138261.6,33821.0	138245.9,33836.7
.	138233.2,33854.7	138223.8,33874.6	138218.1,33896.0	138216.1,33917.8	138218.1,33939.6
.	138223.8,33961.0	138233.2,33980.9	138245.9,33998.9	138261.6,34014.6	138279.7,34027.1
.	138299.8,34036.5	138321.2,34042.1	138333.2,34043.1	138343.2,34044.1	

Circle	red	2	6	RoboLPC	1,1	50141	8161	1F	5x - Fluar 5x/0.25 M27	red	
.	138045.5,33563.9	138299.7,33816.6
.	138172.6,33816.6	138182.5,33815.6	138194.6,33814.6	138216.1,33809.0	138236.1,33799.6
.	138254.3,33787.1	138270.0,33771.4	138282.6,33753.4	138292.1,33733.5	138297.7,33712.1
.	138299.7,33690.3	138297.7,33668.5	138292.1,33647.1	138282.6,33627.2	138270.0,33609.2
.	138254.3,33593.5	138236.1,33581.0	138216.1,33571.6	138194.6,33566.0	138172.6,33563.9
.	138150.6,33566.0	138129.2,33571.6	138109.1,33581.0	138091.0,33593.5	138075.3,33609.2
.	138062.6,33627.2	138053.2,33647.1	138047.5,33668.5	138045.5,33690.3	138047.5,33712.1
.	138053.2,33733.5	138062.6,33753.4	138075.3,33771.4	138091.0,33787.1	138109.1,33799.6
.	138129.2,33809.0	138150.6,33814.6	138162.6,33815.6	138172.6,33816.6	

Circle	red	2	7	RoboLPC	1,1	50141	8161	1G	5x - Fluar 5x/0.25 M27	red	
.	138373.4,33547.3	138627.6,33800.0
.	138500.5,33800.0	138510.4,33799.0	138522.5,33798.0	138544.0,33792.4	138564.0,33783.0
.	138582.2,33770.5	138597.9,33754.8	138610.5,33736.8	138620.0,33716.9	138625.6,33695.5
.	138627.6,33673.7	138625.6,33651.9	138620.0,33630.5	138610.5,33610.6	138597.9,33592.6
.	138582.2,33576.9	138564.0,33564.4	138544.0,33555.0	138522.5,33549.4	138500.5,33547.3
.	138478.5,33549.4	138457.1,33555.0	138437.0,33564.4	138418.9,33576.9	138403.2,33592.6
.	138390.5,33610.6	138381.1,33630.5	138375.4,33651.9	138373.4,33673.7	138375.4,33695.5
.	138381.1,33716.9	138390.5,33736.8	138403.2,33754.8	138418.9,33770.5	138437.0,33783.0
.	138457.1,33792.4	138478.5,33798.0	138490.5,33799.0	138500.5,33800.0	

Circle	red	2	8	RoboLPC	0,0	50141	8161	1H	5x - Fluar 5x/0.25 M27	red	
.	138196.1,33301.2	138450.3,33553.9
.	138323.2,33553.9	138333.1,33552.9	138345.2,33551.9	138366.7,33546.3	138386.7,33536.9
.	138404.9,33524.4	138420.6,33508.7	138433.2,33490.7	138442.7,33470.8	138448.3,33449.4
.	138450.3,33427.6	138448.3,33405.8	138442.7,33384.4	138433.2,33364.5	138420.6,33346.5
.	138404.9,33330.8	138386.7,33318.3	138366.7,33308.9	138345.2,33303.3	138323.2,33301.2
.	138301.2,33303.3	138279.8,33308.9	138259.7,33318.3	138241.6,33330.8	138225.9,33346.5
.	138213.2,33364.5	138203.8,33384.4	138198.1,33405.8	138196.1,33427.6	138198.1,33449.4
.	138203.8,33470.8	138213.2,33490.7	138225.9,33508.7	138241.6,33524.4	138259.7,33536.9
.	138279.8,33546.3	138301.2,33551.9	138313.2,33552.9	138323.2,33553.9	

Rectangle	red	2	9	RoboLPC	1,1	50207	8161	2A	5x - Fluar 5x/0.25 M27	Morph1 4x4, Line	
.	137592.7,33794.9	137882.4,34071.7
.	137626.2,33896.5	137629.3,33887.0	137648.6,33828.7	137659.7,33794.9	137659.7,33794.9
.	137721.2,33815.2	137782.6,33835.4	137844.2,33855.7	137882.4,33868.2	137882.4,33868.2
.	137859.9,33936.3	137837.5,34004.3	137815.3,34071.7	137815.3,34071.7	137753.8,34051.4
.	137692.3,34031.2	137630.9,34010.9	137592.7,33998.4	137592.7,33998.4	137615.1,33930.3
.	137623.0,33906.0	137626.2,33896.5	

Rectangle	red	2	10	RoboLPC	1,1	50158	8161	2B	5x - Fluar 5x/0.25 M27	Morph1 4x4, Line	
.	137370.2,33721.6	137659.7,33998.4
.	137403.8,33823.3	137406.9,33813.8	137426.2,33755.4	137437.3,33721.6	137437.3,33721.6
.	137498.7,33741.9	137560.3,33762.2	137621.5,33782.4	137659.7,33794.9	137659.7,33794.9
.	137637.2,33862.8	137615.0,33931.0	137592.7,33998.4	137592.7,33998.4	137531.3,33978.2
.	137469.9,33957.8	137408.4,33937.6	137370.2,33925.0	137370.2,33925.0	137392.6,33857.0
.	137400.6,33832.7	137403.8,33823.3	

Rectangle	red	2	11	RoboLPC	1,1	50197	8161	2C	5x - Fluar 5x/0.25 M27	Morph1 4x4, Line	
.	137147.8,33648.3	137437.3,33925.0
.	137181.3,33749.9	137184.4,33740.3	137203.6,33681.9	137214.7,33648.3	137214.7,33648.3
.	137276.3,33668.6	137337.7,33688.7	137399.2,33709.0	137437.3,33721.6	137437.3,33721.6
.	137414.9,33789.6	137392.4,33857.6	137370.2,33925.0	137370.2,33925.0	137308.9,33904.8
.	137247.4,33884.7	137185.9,33864.3	137147.8,33851.7	137147.8,33851.7	137170.1,33783.7
.	137178.1,33759.3	137181.3,33749.9	

Rectangle	red	2	12	RoboLPC	1,1	50152	8161	2D	5x - Fluar 5x/0.25 M27	Morph1 4x4, Line	
.	136925.3,33575.0	137214.7,33851.7
.	136958.9,33676.8	136962.0,33667.3	136981.3,33608.8	136992.5,33575.0	136992.5,33575.0
.	137053.9,33595.2	137115.2,33615.5	137176.7,33635.7	137214.7,33648.3	137214.7,33648.3
.	137192.3,33716.3	137170.0,33784.3	137147.8,33851.7	137147.8,33851.7	137086.3,33831.5
.	137025.0,33811.3	136963.5,33791.0	136925.3,33778.5	136925.3,33778.5	136947.9,33710.3
.	136955.7,33686.3	136958.9,33676.8	

Rectangle	red	2	13	RoboLPC	1,1	50174	8161	2E	5x - Fluar 5x/0.25 M27	Morph1 4x4, Line	
.	137659.7,33591.7	137949.3,33868.2
.	137693.3,33693.2	137696.4,33683.6	137715.6,33625.3	137726.7,33591.7	137726.7,33591.7
.	137788.1,33612.0	137849.6,33632.2	137911.1,33652.4	137949.3,33665.0	137949.3,33665.0
.	137927.0,33732.8	137904.7,33800.8	137882.4,33868.2	137882.4,33868.2	137820.8,33848.1
.	137759.4,33827.8	137697.8,33807.5	137659.7,33794.9	137659.7,33794.9	137682.1,33726.9
.	137690.1,33702.6	137693.3,33693.2	

Rectangle	red	2	14	RoboLPC	1,1	50108	8161	2F	5x - Fluar 5x/0.25 M27	Morph1 4x4, Line	
.	137437.3,33518.3	137726.7,33794.9
.	137470.7,33619.9	137473.8,33610.4	137493.2,33552.0	137504.2,33518.3	137504.2,33518.3
.	137565.7,33538.6	137627.3,33558.9	137688.5,33579.1	137726.7,33591.7	137726.7,33591.7
.	137704.3,33659.5	137681.9,33727.4	137659.7,33794.9	137659.7,33794.9	137598.4,33774.7
.	137536.8,33754.3	137475.3,33734.1	137437.3,33721.6	137437.3,33721.6	137459.7,33653.7
.	137467.6,33629.4	137470.7,33619.9	

Rectangle	red	2	15	RoboLPC	1,1	50134	8161	2G	5x - Fluar 5x/0.25 M27	Morph1 4x4, Line	
.	137214.7,33445.0	137504.2,33721.6
.	137248.2,33546.6	137251.3,33537.1	137270.7,33478.7	137281.8,33445.0	137281.8,33445.0
.	137343.2,33465.3	137404.7,33485.5	137466.0,33505.8	137504.2,33518.3	137504.2,33518.3
.	137481.8,33586.2	137459.6,33654.2	137437.3,33721.6	137437.3,33721.6	137376.0,33701.3
.	137314.6,33681.2	137252.9,33660.8	137214.7,33648.3	137214.7,33648.3	137237.2,33580.3
.	137245.0,33556.1	137248.2,33546.6	

Rectangle	red	2	16	RoboLPC	2,2	50105	8161	2H	5x - Fluar 5x/0.25 M27	Morph1 4x4, Line	
.	136992.5,33371.8	137281.8,33648.3
.	137025.9,33473.4	137029.0,33463.9	137048.3,33405.4	137059.3,33371.8	137059.3,33371.8
.	137120.8,33392.0	137182.2,33412.3	137243.8,33432.5	137281.8,33445.0	137281.8,33445.0
.	137259.4,33512.8	137236.9,33581.0	137214.7,33648.3	137214.7,33648.3	137153.3,33628.1
.	137091.9,33607.8	137030.6,33587.6	136992.5,33575.0	136992.5,33575.0	137014.7,33507.0
.	137022.7,33482.8	137025.9,33473.4	

Rectangle	red	2	17	RoboLPC	1,1	50222	8161	3A	5x - Fluar 5x/0.25 M27	Morph1 4x4, Line	
.	137726.7,33388.2	138016.3,33665.0
.	137760.2,33489.9	137763.3,33480.3	137782.5,33422.0	137793.7,33388.2	137793.7,33388.2
.	137855.2,33408.4	137916.6,33428.7	137978.2,33448.9	138016.3,33461.4	138016.3,33461.4
.	137993.9,33529.6	137971.5,33597.6	137949.3,33665.0	137949.3,33665.0	137887.8,33644.8
.	137826.3,33624.5	137764.9,33604.2	137726.7,33591.7	137726.7,33591.7	137749.2,33523.5
.	137757.0,33499.4	137760.2,33489.9	

Rectangle	red	2	18	RoboLPC	1,1	50170	8161	3B	5x - Fluar 5x/0.25 M27	Morph1 4x4, Line	
.	137504.2,33315.0	137793.7,33591.7
.	137537.8,33416.6	137540.9,33407.1	137560.2,33348.5	137571.2,33315.0	137571.2,33315.0
.	137632.6,33335.2	137694.3,33355.5	137755.5,33375.7	137793.7,33388.2	137793.7,33388.2
.	137771.4,33456.2	137749.0,33524.2	137726.7,33591.7	137726.7,33591.7	137665.3,33571.5
.	137603.8,33551.1	137542.4,33530.9	137504.2,33518.3	137504.2,33518.3	137526.6,33450.4
.	137534.6,33426.0	137537.8,33416.6	

Rectangle	red	2	19	RoboLPC	1,1	50167	8161	3C	5x - Fluar 5x/0.25 M27	Morph1 4x4, Line	
.	137281.8,33241.8	137571.2,33518.3
.	137315.2,33343.2	137318.3,33333.7	137337.6,33275.3	137348.7,33241.8	137348.7,33241.8
.	137410.3,33262.0	137471.8,33282.1	137533.2,33302.4	137571.2,33315.0	137571.2,33315.0
.	137548.9,33382.9	137526.4,33451.0	137504.2,33518.3	137504.2,33518.3	137442.9,33498.0
.	137381.4,33478.0	137319.9,33457.6	137281.8,33445.0	137281.8,33445.0	137304.1,33377.1
.	137312.0,33352.7	137315.2,33343.2	

Rectangle	red	2	20	RoboLPC	1,1	50111	8161	3D	5x - Fluar 5x/0.25 M27	Morph1 4x4, Line	
.	137059.3,33168.4	137348.7,33445.0
.	137092.9,33270.0	137096.0,33260.5	137115.3,33202.2	137126.5,33168.4	137126.5,33168.4
.	137187.8,33188.7	137249.2,33209.0	137310.7,33229.1	137348.7,33241.8	137348.7,33241.8
.	137326.3,33309.6	137304.0,33377.7	137281.8,33445.0	137281.8,33445.0	137220.3,33424.8
.	137159.0,33404.5	137097.6,33384.3	137059.3,33371.8	137059.3,33371.8	137081.8,33303.8
.	137089.7,33279.5	137092.9,33270.0	

Rectangle	red	2	21	RoboLPC	1,1	50150	8161	3E	5x - Fluar 5x/0.25 M27	Morph1 4x4, Line	
.	137793.7,33185.1	138083.1,33461.4
.	137827.2,33286.5	137830.3,33277.0	137849.6,33218.7	137860.7,33185.1	137860.7,33185.1
.	137922.1,33205.4	137983.6,33225.5	138045.1,33245.7	138083.1,33258.3	138083.1,33258.3
.	138061.0,33326.3	138038.5,33394.2	138016.3,33461.4	138016.3,33461.4	137954.7,33441.4
.	137893.4,33421.2	137831.9,33400.8	137793.7,33388.2	137793.7,33388.2	137816.1,33320.3
.	137824.0,33296.0	137827.2,33286.5	

Rectangle	red	2	22	RoboLPC	1,1	50091	8161	3F	5x - Fluar 5x/0.25 M27	Morph1 4x4, Line	
.	137571.2,33111.8	137860.7,33388.2
.	137604.8,33213.4	137607.9,33203.8	137627.1,33145.4	137638.2,33111.8	137638.2,33111.8
.	137699.8,33132.0	137761.2,33152.3	137822.5,33172.5	137860.7,33185.1	137860.7,33185.1
.	137838.3,33253.1	137815.9,33320.7	137793.7,33388.2	137793.7,33388.2	137732.4,33368.0
.	137670.8,33347.7	137609.4,33327.4	137571.2,33315.0	137571.2,33315.0	137593.7,33247.2
.	137601.6,33222.9	137604.8,33213.4	

Rectangle	red	2	23	RoboLPC	1,1	50137	8161	3G	5x - Fluar 5x/0.25 M27	Morph1 4x4, Line	
.	137348.7,33038.5	137638.2,33315.0
.	137382.2,33140.1	137385.3,33130.6	137404.7,33072.1	137415.6,33038.5	137415.6,33038.5
.	137477.2,33058.7	137538.7,33079.0	137600.0,33099.3	137638.2,33111.8	137638.2,33111.8
.	137615.9,33179.8	137593.6,33247.7	137571.2,33315.0	137571.2,33315.0	137509.9,33294.7
.	137448.6,33274.5	137387.0,33254.3	137348.7,33241.8	137348.7,33241.8	137371.0,33173.8
.	137379.0,33149.5	137382.2,33140.1	

Rectangle	red	2	24	RoboLPC	1,1	50087	8161	3H	5x - Fluar 5x/0.25 M27	Morph1 4x4, Line	
.	137126.5,32965.4	137415.6,33241.8
.	137159.8,33066.9	137162.9,33057.4	137182.2,32998.8	137193.3,32965.4	137193.3,32965.4
.	137254.9,32985.5	137316.2,33005.8	137377.8,33025.9	137415.6,33038.5	137415.6,33038.5
.	137393.3,33106.4	137370.9,33174.3	137348.7,33241.8	137348.7,33241.8	137287.3,33221.5
.	137225.9,33201.2	137164.5,33181.0	137126.5,33168.4	137126.5,33168.4	137148.7,33100.5
.	137156.6,33076.3	137159.8,33066.9	

Rectangle	red	2	25	RoboLPC	1,1	49828	8161	4A	5x - Fluar 5x/0.25 M27	Morph2 3x4, Line	
.	137470.7,35076.6	137851.1,35321.6
.	137494.5,35254.6	137491.1,35245.1	137477.2,35206.1	137470.7,35187.7	137470.7,35187.7
.	137592.6,35147.2	137714.1,35106.6	137803.5,35076.6	137803.5,35076.6	137820.9,35125.1
.	137838.1,35173.7	137851.1,35210.5	137851.1,35210.5	137729.8,35251.0	137608.1,35291.7
.	137518.5,35321.6	137518.5,35321.6	137501.1,35273.0	137497.8,35264.0	137494.5,35254.6
.	

Rectangle	red	2	26	RoboLPC	1,1	49895	8161	4B	5x - Fluar 5x/0.25 M27	Morph2 3x4, Line	
.	137137.3,35187.7	137518.5,35432.7
.	137161.3,35365.8	137157.9,35356.3	137143.9,35317.3	137137.3,35299.0	137137.3,35299.0
.	137259.5,35258.3	137381.2,35217.6	137470.7,35187.7	137470.7,35187.7	137488.0,35236.2
.	137505.4,35284.7	137518.5,35321.6	137518.5,35321.6	137396.7,35362.2	137274.8,35402.7
.	137185.2,35432.7	137185.2,35432.7	137167.8,35384.2	137164.6,35375.2	137161.3,35365.8
.	

Rectangle	red	2	27	RoboLPC	1,1	49855	8161	4C	5x - Fluar 5x/0.25 M27	Morph2 3x4, Line	
.	136804.5,35299.0	137185.2,35543.8
.	136828.3,35476.9	136824.9,35467.4	136811.1,35428.2	136804.5,35410.0	136804.5,35410.0
.	136926.3,35369.3	137047.8,35328.7	137137.3,35299.0	137137.3,35299.0	137154.6,35347.4
.	137172.0,35395.9	137185.2,35432.7	137185.2,35432.7	137063.5,35473.3	136941.8,35513.9
.	136852.3,35543.8	136852.3,35543.8	136834.8,35495.1	136831.6,35486.3	136828.3,35476.9
.	

Rectangle	red	2	28	RoboLPC	1,1	49904	8161	4D	5x - Fluar 5x/0.25 M27	Morph2 3x4, Line	
.	136471.4,35410.0	136852.3,35654.9
.	136495.2,35587.9	136491.8,35578.4	136477.9,35539.5	136471.4,35521.0	136471.4,35521.0
.	136593.0,35480.5	136714.9,35439.8	136804.5,35410.0	136804.5,35410.0	136821.8,35458.5
.	136839.1,35506.9	136852.3,35543.8	136852.3,35543.8	136730.5,35584.4	136608.6,35625.1
.	136519.1,35654.9	136519.1,35654.9	136501.8,35606.3	136498.5,35597.3	136495.2,35587.9
.	

Rectangle	red	2	29	RoboLPC	1,1	49710	8161	4E	5x - Fluar 5x/0.25 M27	Morph2 3x4, Line	
.	137423.1,34943.2	137803.5,35187.7
.	137446.9,35121.1	137443.5,35111.6	137429.7,35072.5	137423.1,35054.3	137423.1,35054.3
.	137544.8,35013.7	137666.5,34973.0	137755.8,34943.2	137755.8,34943.2	137773.2,34991.7
.	137790.5,35040.3	137803.5,35076.6	137803.5,35076.6	137682.2,35117.2	137560.3,35157.9
.	137470.7,35187.7	137470.7,35187.7	137453.3,35139.3	137450.2,35130.5	137446.9,35121.1
.	

Rectangle	red	2	30	RoboLPC	1,1	49776	8161	4F	5x - Fluar 5x/0.25 M27	Morph2 3x4, Line	
.	137089.8,35054.3	137470.7,35299.0
.	137113.7,35232.3	137110.3,35222.8	137096.3,35183.7	137089.8,35165.5	137089.8,35165.5
.	137211.8,35124.7	137333.5,35084.1	137423.1,35054.3	137423.1,35054.3	137440.3,35102.8
.	137457.6,35151.2	137470.7,35187.7	137470.7,35187.7	137349.0,35228.3	137227.1,35269.0
.	137137.3,35299.0	137137.3,35299.0	137120.1,35250.5	137117.0,35241.7	137113.7,35232.3
.	

Rectangle	red	2	31	RoboLPC	1,1	49715	8161	4G	5x - Fluar 5x/0.25 M27	Morph2 3x4, Line	
.	136756.8,35165.5	137137.3,35410.0
.	136780.7,35343.3	136777.3,35333.8	136763.3,35294.7	136756.8,35276.4	136756.8,35276.4
.	136878.6,35235.9	137000.3,35195.3	137089.8,35165.5	137089.8,35165.5	137107.1,35213.9
.	137124.4,35262.4	137137.3,35299.0	137137.3,35299.0	137015.8,35339.4	136894.1,35380.0
.	136804.5,35410.0	136804.5,35410.0	136787.2,35361.5	136784.0,35352.7	136780.7,35343.3
.	

Rectangle	red	2	32	RoboLPC	1,1	49755	8161	4H	5x - Fluar 5x/0.25 M27	Morph2 3x4, Line	
.	136423.7,35276.4	136804.5,35521.0
.	136447.5,35454.3	136444.1,35444.8	136430.2,35405.9	136423.7,35387.6	136423.7,35387.6
.	136545.3,35347.1	136667.3,35306.4	136756.8,35276.4	136756.8,35276.4	136774.2,35325.0
.	136791.5,35373.5	136804.5,35410.0	136804.5,35410.0	136682.7,35450.6	136560.8,35491.2
.	136471.4,35521.0	136471.4,35521.0	136454.0,35472.6	136450.8,35463.7	136447.5,35454.3
.	

Rectangle	red	2	33	RoboLPC	1,1	49709	8161	5A	5x - Fluar 5x/0.25 M27	Morph2 3x4, Line	
.	137375.5,34809.7	137755.8,35054.3
.	137399.2,34987.5	137395.8,34978.0	137381.9,34939.1	137375.5,34920.7	137375.5,34920.7
.	137497.2,34880.2	137618.8,34839.5	137708.2,34809.7	137708.2,34809.7	137725.5,34858.1
.	137742.7,34906.6	137755.8,34943.2	137755.8,34943.2	137634.5,34983.7	137512.6,35024.3
.	137423.1,35054.3	137423.1,35054.3	137405.7,35005.8	137402.5,34996.9	137399.2,34987.5
.	

Rectangle	red	2	34	RoboLPC	1,1	49821	8161	5B	5x - Fluar 5x/0.25 M27	Morph2 3x4, Line	
.	137042.1,34920.7	137423.1,35165.5
.	137065.8,35098.7	137062.4,35089.2	137048.6,35050.2	137042.1,35032.0	137042.1,35032.0
.	137164.2,34991.2	137285.8,34950.6	137375.5,34920.7	137375.5,34920.7	137392.8,34969.3
.	137410.0,35017.7	137423.1,35054.3	137423.1,35054.3	137301.4,35094.9	137179.5,35135.5
.	137089.8,35165.5	137089.8,35165.5	137072.5,35116.9	137069.2,35108.0	137065.8,35098.7
.	

Rectangle	red	2	35	RoboLPC	1,1	49764	8161	5C	5x - Fluar 5x/0.25 M27	Morph2 3x4, Line	
.	136709.2,35032.0	137089.8,35276.4
.	136733.0,35209.7	136729.6,35200.2	136715.8,35161.2	136709.2,35142.9	136709.2,35142.9
.	136830.9,35102.3	136952.5,35061.7	137042.1,35032.0	137042.1,35032.0	137059.4,35080.4
.	137076.8,35128.9	137089.8,35165.5	137089.8,35165.5	136968.2,35206.0	136846.4,35246.6
.	136756.8,35276.4	136756.8,35276.4	136739.5,35227.9	136736.3,35219.1	136733.0,35209.7
.	

Rectangle	red	2	36	RoboLPC	1,1	49792	8161	5D	5x - Fluar 5x/0.25 M27	Morph2 3x4, Line	
.	136376.1,35142.9	136756.8,35387.6
.	136399.9,35320.8	136396.5,35311.3	136382.6,35272.5	136376.1,35254.1	136376.1,35254.1
.	136497.5,35213.5	136619.5,35172.8	136709.2,35142.9	136709.2,35142.9	136726.5,35191.5
.	136743.8,35239.8	136756.8,35276.4	136756.8,35276.4	136635.1,35317.1	136513.1,35357.8
.	136423.7,35387.6	136423.7,35387.6	136406.4,35339.1	136403.2,35330.2	136399.9,35320.8
.	

Circle	red	2	37	RoboLPC	1,1	50141	8161	5E	5x - Fluar 5x/0.25 M27	red	
.	139057.5,31381.3	139311.7,31634.0
.	139184.6,31634.0	139194.5,31633.0	139206.6,31632.0	139228.1,31626.4	139248.1,31617.0
.	139266.3,31604.5	139282.0,31588.8	139294.6,31570.8	139304.1,31550.9	139309.7,31529.5
.	139311.7,31507.7	139309.7,31485.9	139304.1,31464.5	139294.6,31444.6	139282.0,31426.6
.	139266.3,31410.9	139248.1,31398.4	139228.1,31389.0	139206.6,31383.4	139184.6,31381.3
.	139162.6,31383.4	139141.2,31389.0	139121.1,31398.4	139103.0,31410.9	139087.3,31426.6
.	139074.6,31444.6	139065.2,31464.5	139059.5,31485.9	139057.5,31507.7	139059.5,31529.5
.	139065.2,31550.9	139074.6,31570.8	139087.3,31588.8	139103.0,31604.5	139121.1,31617.0
.	139141.2,31626.4	139162.6,31632.0	139174.6,31633.0	139184.6,31634.0	

Circle	red	2	38	RoboLPC	1,1	50141	8161	5F	5x - Fluar 5x/0.25 M27	red	
.	139104.2,31644.0	139358.4,31896.7
.	139231.3,31896.7	139241.2,31895.7	139253.3,31894.7	139274.8,31889.1	139294.8,31879.7
.	139313.0,31867.2	139328.7,31851.5	139341.3,31833.5	139350.8,31813.6	139356.4,31792.2
.	139358.4,31770.4	139356.4,31748.6	139350.8,31727.2	139341.3,31707.3	139328.7,31689.3
.	139313.0,31673.6	139294.8,31661.1	139274.8,31651.7	139253.3,31646.1	139231.3,31644.0
.	139209.3,31646.1	139187.9,31651.7	139167.8,31661.1	139149.7,31673.6	139134.0,31689.3
.	139121.3,31707.3	139111.9,31727.2	139106.2,31748.6	139104.2,31770.4	139106.2,31792.2
.	139111.9,31813.6	139121.3,31833.5	139134.0,31851.5	139149.7,31867.2	139167.8,31879.7
.	139187.9,31889.1	139209.3,31894.7	139221.3,31895.7	139231.3,31896.7	

Circle	red	2	39	RoboLPC	1,1	50141	8161	5G	5x - Fluar 5x/0.25 M27	red	
.	138863.4,31557.2	139117.6,31809.9
.	138990.5,31809.9	139000.4,31808.9	139012.5,31807.9	139034.0,31802.3	139054.0,31792.9
.	139072.2,31780.4	139087.9,31764.7	139100.5,31746.7	139110.0,31726.8	139115.6,31705.4
.	139117.6,31683.6	139115.6,31661.8	139110.0,31640.4	139100.5,31620.5	139087.9,31602.5
.	139072.2,31586.8	139054.0,31574.3	139034.0,31564.9	139012.5,31559.3	138990.5,31557.2
.	138968.5,31559.3	138947.1,31564.9	138927.0,31574.3	138908.9,31586.8	138893.2,31602.5
.	138880.5,31620.5	138871.1,31640.4	138865.4,31661.8	138863.4,31683.6	138865.4,31705.4
.	138871.1,31726.8	138880.5,31746.7	138893.2,31764.7	138908.9,31780.4	138927.0,31792.9
.	138947.1,31802.3	138968.5,31807.9	138980.5,31808.9	138990.5,31809.9	

Circle	red	2	40	RoboLPC	1,1	50141	8161	5H	5x - Fluar 5x/0.25 M27	red	
.	138808.5,31294.4	139062.7,31547.1
.	138935.6,31547.1	138945.5,31546.1	138957.6,31545.1	138979.1,31539.5	138999.1,31530.1
.	139017.3,31517.6	139033.0,31501.9	139045.6,31483.9	139055.1,31464.0	139060.7,31442.6
.	139062.7,31420.8	139060.7,31399.0	139055.1,31377.6	139045.6,31357.7	139033.0,31339.7
.	139017.3,31324.0	138999.1,31311.5	138979.1,31302.1	138957.6,31296.5	138935.6,31294.4
.	138913.6,31296.5	138892.2,31302.1	138872.1,31311.5	138854.0,31324.0	138838.3,31339.7
.	138825.6,31357.7	138816.2,31377.6	138810.5,31399.0	138808.5,31420.8	138810.5,31442.6
.	138816.2,31464.0	138825.6,31483.9	138838.3,31501.9	138854.0,31517.6	138872.1,31530.1
.	138892.2,31539.5	138913.6,31545.1	138925.6,31546.1	138935.6,31547.1	



