PALMRobo Elements
Version:	V 4.9.1.0
Date, Time :	12.09.2025	10:18:07

MICROMETER
Elements :

Type	Color	Thickness	No	Laser function	CutShot	Area	Z	Well	Objective	Comment	Coordinates	

Circle	red	2	1	RoboLPC	1,1	50141	8161	1A	5x - Fluar 5x/0.25 M27	red	
.	138002.0,30869.4	138256.2,31122.1
.	138129.1,31122.1	138139.0,31121.1	138151.1,31120.1	138172.6,31114.5	138192.6,31105.1
.	138210.8,31092.6	138226.5,31076.9	138239.1,31058.9	138248.6,31039.0	138254.2,31017.6
.	138256.2,30995.8	138254.2,30974.0	138248.6,30952.6	138239.1,30932.7	138226.5,30914.7
.	138210.8,30899.0	138192.6,30886.5	138172.6,30877.1	138151.1,30871.5	138129.1,30869.4
.	138107.1,30871.5	138085.7,30877.1	138065.6,30886.5	138047.5,30899.0	138031.8,30914.7
.	138019.1,30932.7	138009.7,30952.6	138004.0,30974.0	138002.0,30995.8	138004.0,31017.6
.	138009.7,31039.0	138019.1,31058.9	138031.8,31076.9	138047.5,31092.6	138065.6,31105.1
.	138085.7,31114.5	138107.1,31120.1	138119.1,31121.1	138129.1,31122.1	

Circle	red	2	2	RoboLPC	1,1	50141	8161	1B	5x - Fluar 5x/0.25 M27	red	
.	137423.4,30539.8	137677.6,30792.5
.	137550.5,30792.5	137560.4,30791.5	137572.5,30790.5	137594.0,30784.9	137614.0,30775.5
.	137632.2,30763.0	137647.9,30747.3	137660.5,30729.3	137670.0,30709.4	137675.6,30688.0
.	137677.6,30666.2	137675.6,30644.4	137670.0,30623.0	137660.5,30603.1	137647.9,30585.1
.	137632.2,30569.4	137614.0,30556.9	137594.0,30547.5	137572.5,30541.9	137550.5,30539.8
.	137528.5,30541.9	137507.1,30547.5	137487.0,30556.9	137468.9,30569.4	137453.2,30585.1
.	137440.5,30603.1	137431.1,30623.0	137425.4,30644.4	137423.4,30666.2	137425.4,30688.0
.	137431.1,30709.4	137440.5,30729.3	137453.2,30747.3	137468.9,30763.0	137487.0,30775.5
.	137507.1,30784.9	137528.5,30790.5	137540.5,30791.5	137550.5,30792.5	

Circle	red	2	3	RoboLPC	1,1	50141	8161	1C	5x - Fluar 5x/0.25 M27	red	
.	137687.6,30575.0	137941.8,30827.7
.	137814.7,30827.7	137824.6,30826.7	137836.7,30825.7	137858.2,30820.1	137878.2,30810.7
.	137896.4,30798.2	137912.1,30782.5	137924.7,30764.5	137934.2,30744.6	137939.8,30723.2
.	137941.8,30701.4	137939.8,30679.6	137934.2,30658.2	137924.7,30638.3	137912.1,30620.3
.	137896.4,30604.6	137878.2,30592.1	137858.2,30582.7	137836.7,30577.1	137814.7,30575.0
.	137792.7,30577.1	137771.3,30582.7	137751.2,30592.1	137733.1,30604.6	137717.4,30620.3
.	137704.7,30638.3	137695.3,30658.2	137689.6,30679.6	137687.6,30701.4	137689.6,30723.2
.	137695.3,30744.6	137704.7,30764.5	137717.4,30782.5	137733.1,30798.2	137751.2,30810.7
.	137771.3,30820.1	137792.7,30825.7	137804.7,30826.7	137814.7,30827.7	
